    Lattice point               Exact Density             KS density
  -14.000000000000000        2.3509506509790930E-008   2.3509506506372143E-008
  -13.600000000000000        8.0026418330920003E-007   8.0026418333131268E-007
  -13.199999999999999        1.4369280676432780E-005   1.4369280676350845E-005
  -12.800000000000001        1.5652018143348195E-004   1.5652018143369904E-004
  -12.400000000000000        1.0947145180290592E-003   1.0947145180286067E-003
  -12.000000000000000        5.1749441509471765E-003   5.1749441509479606E-003
  -11.600000000000000        1.7317199783497213E-002   1.7317199783496010E-002
  -11.199999999999999        4.2778155487206655E-002   4.2778155487208328E-002
  -10.800000000000001        8.1013669309826203E-002   8.1013669309824288E-002
  -10.400000000000000       0.12169043415149919       0.12169043415150178     
  -10.000000000000000       0.14946965383144542       0.14946965383144317     
  -9.5999999999999996       0.15426607617478244       0.15426607617478511     
  -9.1999999999999993       0.13706518305900314       0.13706518305900078     
  -8.8000000000000007       0.10711410940602670       0.10711410940602847     
  -8.3999999999999986        7.5034177879934244E-002   7.5034177879931968E-002
  -8.0000000000000000        4.7907110483825108E-002   4.7907110483826031E-002
  -7.5999999999999996        2.8287953044507413E-002   2.8287953044505640E-002
  -7.1999999999999993        1.5645196403658690E-002   1.5645196403659162E-002
  -6.7999999999999998        8.1944679969163693E-003   8.1944679969152574E-003
  -6.3999999999999995        4.1034121237015558E-003   4.1034121237018715E-003
  -6.0000000000000000        1.9805618537026013E-003   1.9805618537020123E-003
  -5.5999999999999996        9.2781382273104084E-004   9.2781382273124629E-004
  -5.1999999999999993        4.2432990303008022E-004   4.2432990302978450E-004
  -4.7999999999999989        1.9039059445009228E-004   1.9039059445022914E-004
  -4.3999999999999986        8.4148126675003394E-005   8.4148126674849329E-005
  -4.0000000000000000        3.6756828153478206E-005   3.6756828153560971E-005
  -3.5999999999999996        1.5910046640577060E-005   1.5910046640494230E-005
  -3.1999999999999993        6.8382850753264198E-006   6.8382850753808476E-006
  -2.7999999999999989        2.9230599379455931E-006   2.9230599378965694E-006
  -2.3999999999999986        1.2440807625974424E-006   1.2440807626333350E-006
  -2.0000000000000000        5.2763315116188506E-007   5.2763315113147467E-007
  -1.5999999999999996        2.2321589198543650E-007   2.2321589200808801E-007
  -1.1999999999999993        9.4484844287627804E-008   9.4484844270268247E-008
 -0.79999999999999893        4.0692131866977341E-008   4.0692131879003819E-008
 -0.39999999999999858        1.9422200459709901E-008   1.9422200451394043E-008
   0.0000000000000000        1.3820036525477081E-008   1.3820036532425810E-008
  0.40000000000000036        1.9422200459625890E-008   1.9422200451394043E-008
  0.80000000000000071        4.0692131866825669E-008   4.0692131879003819E-008
   1.2000000000000011        9.4484844287404161E-008   9.4484844270268247E-008
   1.6000000000000014        2.2321589198509808E-007   2.2321589200808801E-007
   2.0000000000000000        5.2763315116137589E-007   5.2763315113147467E-007
   2.4000000000000021        1.2440807625967675E-006   1.2440807626333350E-006
   2.8000000000000007        2.9230599379447503E-006   2.9230599378965694E-006
   3.1999999999999993        6.8382850753258040E-006   6.8382850753808476E-006
   3.6000000000000014        1.5910046640575857E-005   1.5910046640494230E-005
   4.0000000000000000        3.6756828153474764E-005   3.6756828153560971E-005
   4.4000000000000021        8.4148126674996808E-005   8.4148126674849329E-005
   4.8000000000000007        1.9039059445008085E-004   1.9039059445022914E-004
   5.2000000000000028        4.2432990303005566E-004   4.2432990302978450E-004
   5.6000000000000014        9.2781382273099584E-004   9.2781382273124629E-004
   6.0000000000000000        1.9805618537025319E-003   1.9805618537020123E-003
   6.4000000000000021        4.1034121237014725E-003   4.1034121237018715E-003
   6.8000000000000007        8.1944679969162635E-003   8.1944679969152574E-003
   7.2000000000000028        1.5645196403658621E-002   1.5645196403659162E-002
   7.6000000000000014        2.8287953044507420E-002   2.8287953044505640E-002
   8.0000000000000000        4.7907110483825364E-002   4.7907110483826031E-002
   8.4000000000000021        7.5034177879934619E-002   7.5034177879931968E-002
   8.8000000000000007       0.10711410940602735       0.10711410940602847     
   9.2000000000000028       0.13706518305900389       0.13706518305900078     
   9.6000000000000014       0.15426607617478275       0.15426607617478511     
   10.000000000000000       0.14946965383144545       0.14946965383144317     
   10.400000000000002       0.12169043415149880       0.12169043415150178     
   10.800000000000001        8.1013669309825592E-002   8.1013669309824288E-002
   11.200000000000003        4.2778155487206149E-002   4.2778155487208328E-002
   11.600000000000001        1.7317199783496957E-002   1.7317199783496006E-002
   12.000000000000000        5.1749441509470907E-003   5.1749441509479606E-003
   12.400000000000002        1.0947145180290414E-003   1.0947145180286067E-003
   12.800000000000001        1.5652018143348008E-004   1.5652018143369904E-004
   13.200000000000003        1.4369280676432694E-005   1.4369280676351350E-005
   13.600000000000001        8.0026418330926420E-007   8.0026418333102183E-007
   14.000000000000000        2.3509506509800191E-008   2.3509506506370072E-008
  
  
  -14.000000000000000        2.3509506509790930E-008   2.3509200833062952E-008
  -13.600000000000000        8.0026418330920003E-007   8.0025630671120919E-007
  -13.199999999999999        1.4369280676432780E-005   1.4369162582457081E-005
  -12.800000000000001        1.5652018143348195E-004   1.5651912634963668E-004
  -12.400000000000000        1.0947145180290592E-003   1.0947085612807489E-003
  -12.000000000000000        5.1749441509471765E-003   5.1749219439656538E-003
  -11.600000000000000        1.7317199783497213E-002   1.7317142989094186E-002
  -11.199999999999999        4.2778155487206655E-002   4.2778053158156422E-002
  -10.800000000000001        8.1013669309826203E-002   8.1013538328307072E-002
  -10.400000000000000       0.12169043415149919       0.12169031952229084     
  -10.000000000000000       0.14946965383144542       0.14946960043022239     
  -9.5999999999999996       0.15426607617478244       0.15426609889151832     
  -9.1999999999999993       0.13706518305900314       0.13706526261995622     
  -8.8000000000000007       0.10711410940602670       0.10711421123863424     
  -8.3999999999999986        7.5034177879934244E-002   7.5034272823088194E-002
  -8.0000000000000000        4.7907110483825108E-002   4.7907183845782880E-002
  -7.5999999999999996        2.8287953044507413E-002   2.8288002682131407E-002
  -7.1999999999999993        1.5645196403658690E-002   1.5645226775033390E-002
  -6.7999999999999998        8.1944679969163693E-003   8.1944851700639400E-003
  -6.3999999999999995        4.1034121237015558E-003   4.1034212449404112E-003
  -6.0000000000000000        1.9805618537026013E-003   1.9805664610356823E-003
  -5.5999999999999996        9.2781382273104084E-004   9.2781605888014960E-004
  -5.1999999999999993        4.2432990303008022E-004   4.2433095400278204E-004
  -4.7999999999999989        1.9039059445009228E-004   1.9039107616725733E-004
  -4.3999999999999986        8.4148126675003394E-005   8.4148343032326023E-005
  -4.0000000000000000        3.6756828153478206E-005   3.6756923876941650E-005
  -3.5999999999999996        1.5910046640577060E-005   1.5910088452865019E-005
  -3.1999999999999993        6.8382850753264198E-006   6.8383031905616728E-006
  -2.7999999999999989        2.9230599379455931E-006   2.9230677182988218E-006
  -2.3999999999999986        1.2440807625974424E-006   1.2440840937576052E-006
  -2.0000000000000000        5.2763315116188506E-007   5.2763456614720338E-007
  -1.5999999999999996        2.2321589198543650E-007   2.2321649362300787E-007
  -1.1999999999999993        9.4484844287627804E-008   9.4485096467794346E-008
 -0.79999999999999893        4.0692131866977341E-008   4.0692236159844528E-008
 -0.39999999999999858        1.9422200459709901E-008   1.9422237464630093E-008
   0.0000000000000000        1.3820036525477081E-008   1.3820036532443649E-008
  0.40000000000000036        1.9422200459625890E-008   1.9422163438376359E-008
  0.80000000000000071        4.0692131866825669E-008   4.0692027598364201E-008
   1.2000000000000011        9.4484844287404161E-008   9.4484592073572135E-008
   1.6000000000000014        2.2321589198509808E-007   2.2321529039458376E-007
   2.0000000000000000        5.2763315116137589E-007   5.2763173611984496E-007
   2.4000000000000021        1.2440807625967675E-006   1.2440774315175158E-006
   2.8000000000000007        2.9230599379447503E-006   2.9230521575156872E-006
   3.1999999999999993        6.8382850753258040E-006   6.8382669602466516E-006
   3.6000000000000014        1.5910046640575857E-005   1.5910004828234955E-005
   4.0000000000000000        3.6756828153474764E-005   3.6756732430424774E-005
   4.4000000000000021        8.4148126674996808E-005   8.4147910317927042E-005
   4.8000000000000007        1.9039059445008085E-004   1.9039011273439677E-004
   5.2000000000000028        4.2432990303005566E-004   4.2432885205933972E-004
   5.6000000000000014        9.2781382273099584E-004   9.2781158658753827E-004
   6.0000000000000000        1.9805618537025319E-003   1.9805572463786909E-003
   6.4000000000000021        4.1034121237014725E-003   4.1034030024823948E-003
   6.8000000000000007        8.1944679969162635E-003   8.1944508237995553E-003
   7.2000000000000028        1.5645196403658621E-002   1.5645166032336566E-002
   7.6000000000000014        2.8287953044507420E-002   2.8287903406951379E-002
   8.0000000000000000        4.7907110483825364E-002   4.7907037121949402E-002
   8.4000000000000021        7.5034177879934619E-002   7.5034082936833141E-002
   8.8000000000000007       0.10711410940602735       0.10711400757341910     
   9.2000000000000028       0.13706518305900389       0.13706510349792694     
   9.6000000000000014       0.15426607617478275       0.15426605345785102     
   10.000000000000000       0.14946965383144545       0.14946970723244102     
   10.400000000000002       0.12169043415149880       0.12169054878059853     
   10.800000000000001        8.1013669309825592E-002   8.1013800291378571E-002
   11.200000000000003        4.2778155487206149E-002   4.2778257816397922E-002
   11.600000000000001        1.7317199783496957E-002   1.7317256578035789E-002
   12.000000000000000        5.1749441509470907E-003   5.1749663580084723E-003
   12.400000000000002        1.0947145180290414E-003   1.0947204748049024E-003
   12.800000000000001        1.5652018143348008E-004   1.5652123652420508E-004
   13.200000000000003        1.4369280676432694E-005   1.4369398771150582E-005
   13.600000000000001        8.0026418330926420E-007   8.0027206002359078E-007
   14.000000000000000        2.3509506509800191E-008   2.3509812183357549E-008
  
  
  -14.000000000000000        2.3509200836472276E-008   2.3508284290897742E-008
  -13.600000000000000        8.0025630668918189E-007   8.0023267665844882E-007
  -13.199999999999999        1.4369162582537012E-005   1.4368808320370828E-005
  -12.800000000000001        1.5651912634941824E-004   1.5651596119654871E-004
  -12.400000000000000        1.0947085612810904E-003   1.0946906915076902E-003
  -12.000000000000000        5.1749219439646494E-003   5.1748553242038330E-003
  -11.600000000000000        1.7317142989094002E-002   1.7316972608005143E-002
  -11.199999999999999        4.2778053158153022E-002   4.2777746173076892E-002
  -10.800000000000001        8.1013538328304796E-002   8.1013145384642188E-002
  -10.400000000000000       0.12169031952227974       0.12168997563338690     
  -10.000000000000000       0.14946960043021895       0.14946944022407382     
  -9.5999999999999996       0.15426609889150369       0.15426616703903076     
  -9.1999999999999993       0.13706526261995700       0.13706550130119910     
  -8.8000000000000007       0.10711421123862482       0.10711451673577725     
  -8.3999999999999986        7.5034272823087542E-002   7.5034557652712844E-002
  -8.0000000000000000        4.7907183845779883E-002   4.7907403932045137E-002
  -7.5999999999999996        2.8288002682131896E-002   2.8288151595464411E-002
  -7.1999999999999993        1.5645226775032189E-002   1.5645317889475034E-002
  -6.7999999999999998        8.1944851700648472E-003   8.1945366897349936E-003
  -6.3999999999999995        4.1034212449399697E-003   4.1034486087745308E-003
  -6.0000000000000000        1.9805664610361446E-003   1.9805802831076545E-003
  -5.5999999999999996        9.2781605887993742E-004   9.2782276735789513E-004
  -5.1999999999999993        4.2433095400305624E-004   4.2433410693991651E-004
  -4.7999999999999989        1.9039107616711256E-004   1.9039252132478754E-004
  -4.3999999999999986        8.4148343032480603E-005   8.4148992108985088E-005
  -4.0000000000000000        3.6756923876857252E-005   3.6757211048150487E-005
  -3.5999999999999996        1.5910088452947747E-005   1.5910213890959071E-005
  -3.1999999999999993        6.8383031905071222E-006   6.8383575362072009E-006
  -2.7999999999999989        2.9230677183479052E-006   2.9230910597530952E-006
  -2.3999999999999986        1.2440840937217211E-006   1.2440940871085222E-006
  -2.0000000000000000        5.2763456617764871E-007   5.2763881126513307E-007
  -1.5999999999999996        2.2321649360035773E-007   2.2321829844788702E-007
  -1.1999999999999993        9.4485096485165338E-008   9.4485853082562537E-008
 -0.79999999999999893        4.0692236147822410E-008   4.0692548993859148E-008
 -0.39999999999999858        1.9422237472934576E-008   1.9422348510007516E-008
   0.0000000000000000        1.3820036525491381E-008   1.3820036532660162E-008
  0.40000000000000036        1.9422163446625841E-008   1.9422052396375014E-008
  0.80000000000000071        4.0692027586177640E-008   4.0691714767267417E-008
   1.2000000000000011        9.4484592090708445E-008   9.4483835471345285E-008
   1.6000000000000014        2.2321529037158896E-007   2.2321348559066438E-007
   2.0000000000000000        5.2763173614976259E-007   5.2762749106373057E-007
   2.4000000000000021        1.2440774314808928E-006   1.2440674382920391E-006
   2.8000000000000007        2.9230521575639058E-006   2.9230288163822089E-006
   3.1999999999999993        6.8382669601916046E-006   6.8382126152975463E-006
   3.6000000000000014        1.5910004828315978E-005   1.5909879391801911E-005
   4.0000000000000000        3.6756732430338959E-005   3.6756445262865327E-005
   4.4000000000000021        8.4147910318070564E-005   8.4147261249537892E-005
   4.8000000000000007        1.9039011273424457E-004   1.9038866759465186E-004
   5.2000000000000028        4.2432885205961234E-004   4.2432569916023169E-004
   5.6000000000000014        9.2781158658725485E-004   9.2780487818722472E-004
   6.0000000000000000        1.9805572463791471E-003   1.9805434244593266E-003
   6.4000000000000021        4.1034030024818249E-003   4.1033756389303681E-003
   6.8000000000000007        8.1944508238002301E-003   8.1943993046157820E-003
   7.2000000000000028        1.5645166032335688E-002   1.5645074918655709E-002
   7.6000000000000014        2.8287903406952065E-002   2.8287754494658181E-002
   8.0000000000000000        4.7907037121946258E-002   4.7906817036827490E-002
   8.4000000000000021        7.5034082936833738E-002   7.5033798108004660E-002
   8.8000000000000007       0.10711400757341159       0.10711370207602172     
   9.2000000000000028       0.13706510349792486       0.13706486481482769     
   9.6000000000000014       0.15426605345783925       0.15426598530702407     
   10.000000000000000       0.14946970723243735       0.14946986743509172     
   10.400000000000002       0.12169054878058712       0.12169089266755477     
   10.800000000000001        8.1013800291375726E-002   8.1014193235485005E-002
   11.200000000000003        4.2778257816393557E-002   4.2778564803489086E-002
   11.600000000000001        1.7317256578035217E-002   1.7317426961155194E-002
   12.000000000000000        5.1749663580074358E-003   5.1750329789376475E-003
   12.400000000000002        1.0947204748052578E-003   1.0947383450019528E-003
   12.800000000000001        1.5652123652397219E-004   1.5652440177372834E-004
   13.200000000000003        1.4369398771231240E-005   1.4369753046783287E-005
   13.600000000000001        8.0027206000169233E-007   8.0029569116217052E-007
   14.000000000000000        2.3509812186795871E-008   2.3510728780720863E-008
  
  
  -14.000000000000000        2.3508284294265310E-008   2.3506758306011705E-008
  -13.600000000000000        8.0023267663676986E-007   8.0019329263292843E-007
  -13.199999999999999        1.4368808320447593E-005   1.4368217948758854E-005
  -12.800000000000001        1.5651596119632886E-004   1.5651068627194379E-004
  -12.400000000000000        1.0946906915078728E-003   1.0946609101204771E-003
  -12.000000000000000        5.1748553242028901E-003   5.1747442952204993E-003
  -11.600000000000000        1.7316972608002208E-002   1.7316688646573861E-002
  -11.199999999999999        4.2777746173072097E-002   4.2777234538204548E-002
  -10.800000000000001        8.1013145384634583E-002   8.1012490481491922E-002
  -10.400000000000000       0.12168997563336714       0.12168940248100725     
  -10.000000000000000       0.14946944022406133       0.14946917320552178     
  -9.5999999999999996       0.15426616703900628       0.15426628060932757     
  -9.1999999999999993       0.13706550130119075       0.13706589909780109     
  -8.8000000000000007       0.10711451673576226       0.10711502589547806     
  -8.3999999999999986        7.5034557652707404E-002   7.5035032369268118E-002
  -8.0000000000000000        4.7907403932040564E-002   4.7907770743796756E-002
  -7.5999999999999996        2.8288151595463898E-002   2.8288399785876696E-002
  -7.1999999999999993        1.5645317889472574E-002   1.5645469747940871E-002
  -6.7999999999999998        8.1945366897358072E-003   8.1946225566037929E-003
  -6.3999999999999995        4.1034486087737120E-003   4.1034942155591045E-003
  -6.0000000000000000        1.9805802831081042E-003   1.9806033201316617E-003
  -5.5999999999999996        9.2782276735764663E-004   9.2783394825752012E-004
  -5.1999999999999993        4.2433410694017797E-004   4.2433936189565952E-004
  -4.7999999999999989        1.9039252132463394E-004   1.9039492994222531E-004
  -4.3999999999999986        8.4148992109138300E-005   8.4150073917472633E-005
  -4.0000000000000000        3.6757211048064286E-005   3.6757689670407948E-005
  -3.5999999999999996        1.5910213891042121E-005   1.5910422957715267E-005
  -3.1999999999999993        6.8383575361523835E-006   6.8384481126320150E-006
  -2.7999999999999989        2.9230910598023612E-006   2.9231299629989213E-006
  -2.3999999999999986        1.2440940870726618E-006   1.2441107426225886E-006
  -2.0000000000000000        5.2763881129564987E-007   5.2764588669617050E-007
  -1.5999999999999996        2.2321829842526078E-007   2.2322130642400639E-007
  -1.1999999999999993        9.4485853099952336E-008   9.4487114180594671E-008
 -0.79999999999999893        4.0692548981838195E-008   4.0693070355759696E-008
 -0.39999999999999858        1.9422348518332100E-008   1.9422533604591244E-008
   0.0000000000000000        1.3820036525708438E-008   1.3820036533615502E-008
  0.40000000000000036        1.9422052404610093E-008   1.9421867316380581E-008
  0.80000000000000071        4.0691714755086945E-008   4.0691193418061643E-008
   1.2000000000000011        9.4483835488480272E-008   9.4482574427572838E-008
   1.6000000000000014        2.2321348556766551E-007   2.2321047770543284E-007
   2.0000000000000000        5.2762749109365455E-007   5.2762041590042702E-007
   2.4000000000000021        1.2440674382553566E-006   1.2440507833212135E-006
   2.8000000000000007        2.9230288164303949E-006   2.9229899145259806E-006
   3.1999999999999993        6.8382126152424392E-006   6.8381220418885846E-006
   3.6000000000000014        1.5909879391881969E-005   1.5909670332237234E-005
   4.0000000000000000        3.6756445262779377E-005   3.6755966656412288E-005
   4.4000000000000021        8.4147261249678458E-005   8.4146179476853793E-005
   4.8000000000000007        1.9038866759448788E-004   1.9038625905418345E-004
   5.2000000000000028        4.2432569916050068E-004   4.2432044436913324E-004
   5.6000000000000014        9.2780487818691247E-004   9.2779369762273811E-004
   6.0000000000000000        1.9805434244596410E-003   1.9805203880956398E-003
   6.4000000000000021        4.1033756389296802E-003   4.1033300333656476E-003
   6.8000000000000007        8.1943993046159867E-003   8.1943134398542485E-003
   7.2000000000000028        1.5645074918654328E-002   1.5644923063476261E-002
   7.6000000000000014        2.8287754494657237E-002   2.8287506308735742E-002
   8.0000000000000000        4.7906817036821800E-002   4.7906450229990745E-002
   8.4000000000000021        7.5033798108000704E-002   7.5033323394838633E-002
   8.8000000000000007       0.10711370207601049       0.10711319291516494     
   9.2000000000000028       0.13706486481481425       0.13706446701004948     
   9.6000000000000014       0.15426598530700381       0.15426587172226297     
   10.000000000000000       0.14946986743507940       0.14947013443836221     
   10.400000000000002       0.12169089266753416       0.12169146581139306     
   10.800000000000001        8.1014193235478357E-002   8.1014848140485290E-002
   11.200000000000003        4.2778564803481349E-002   4.2779076447047711E-002
   11.600000000000001        1.7317426961152991E-002   1.7317710931359490E-002
   12.000000000000000        5.1750329789364159E-003   5.1751440129777582E-003
   12.400000000000002        1.0947383450022033E-003   1.0947681282248282E-003
   12.800000000000001        1.5652440177348379E-004   1.5652967711610784E-004
   13.200000000000003        1.4369753046863767E-005   1.4370343477067311E-005
   13.600000000000001        8.0029569113994924E-007   8.0033507989367574E-007
   14.000000000000000        2.3510728784177045E-008   2.3512255004392386E-008
  
  
  -14.000000000000000        2.3506758309424476E-008   2.3504625232185003E-008
  -13.600000000000000        8.0019329261130653E-007   8.0013815385428820E-007
  -13.199999999999999        1.4368217948837711E-005   1.4367391565027818E-005
  -12.800000000000001        1.5651068627175167E-004   1.5650330207253973E-004
  -12.400000000000000        1.0946609101208575E-003   1.0946192194703527E-003
  -12.000000000000000        5.1747442952200587E-003   5.1745888629493161E-003
  -11.600000000000000        1.7316688646573746E-002   1.7316291115393394E-002
  -11.199999999999999        4.2777234538205297E-002   4.2776518263962199E-002
  -10.800000000000001        8.1012490481495128E-002   8.1011573623352345E-002
  -10.400000000000000       0.12168940248100013       0.12168860005893188     
  -10.000000000000000       0.14946917320553482       0.14946879936224131     
  -9.5999999999999996       0.15426628060930794       0.15426643958913358     
  -9.1999999999999993       0.13706589909781847       0.13706645600169348     
  -8.8000000000000007       0.10711502589546901       0.10711573871447530     
  -8.3999999999999986        7.5035032369272212E-002   7.5035696973581464E-002
  -8.0000000000000000        4.7907770743796659E-002   4.7908284283035049E-002
  -7.5999999999999996        2.8288399785878392E-002   2.8288747255665089E-002
  -7.1999999999999993        1.5645469747939761E-002   1.5645682352037157E-002
  -6.7999999999999998        8.1946225566055207E-003   8.1947427717989820E-003
  -6.3999999999999995        4.1034942155584331E-003   4.1035580658883783E-003
  -6.0000000000000000        1.9806033201323252E-003   1.9806355724642788E-003
  -5.5999999999999996        9.2783394825729601E-004   9.2784960173460107E-004
  -5.1999999999999993        4.2433936189596977E-004   4.2434671896089096E-004
  -4.7999999999999989        1.9039492994206902E-004   1.9039830205202262E-004
  -4.3999999999999986        8.4150073917633786E-005   8.4151588478847508E-005
  -4.0000000000000000        3.6757689670322662E-005   3.6758359749131732E-005
  -3.5999999999999996        1.5910422957799293E-005   1.5910715658010008E-005
  -3.1999999999999993        6.8384481125772348E-006   6.8385749203781660E-006
  -2.7999999999999989        2.9231299630484202E-006   2.9231844292593839E-006
  -2.3999999999999986        1.2441107425867148E-006   1.2441340602005774E-006
  -2.0000000000000000        5.2764588672674066E-007   5.2765579278795365E-007
  -1.5999999999999996        2.2322130640134219E-007   2.2322551745592815E-007
  -1.1999999999999993        9.4487114197997532E-008   9.4488879870486023E-008
 -0.79999999999999893        4.0693070343718203E-008   4.0693800204267887E-008
 -0.39999999999999858        1.9422533612918862E-008   1.9422792776350603E-008
   0.0000000000000000        1.3820036526651590E-008   1.3820036536226286E-008
  0.40000000000000036        1.9421867324619343E-008   1.9421608183814670E-008
  0.80000000000000071        4.0691193405872224E-008   4.0690463603842616E-008
   1.2000000000000011        9.4482574444715541E-008   9.4480808883624297E-008
   1.6000000000000014        2.2321047768242266E-007   2.2320626691845069E-007
   2.0000000000000000        5.2762041593038933E-007   5.2761051052921056E-007
   2.4000000000000021        1.2440507832845262E-006   1.2440274672066139E-006
   2.8000000000000007        2.9229899145742496E-006   2.9229354520065195E-006
   3.1999999999999993        6.8381220418337028E-006   6.8379952422650001E-006
   3.6000000000000014        1.5909670332318153E-005   1.5909377651307114E-005
   4.0000000000000000        3.6755966656327022E-005   3.6755296620251706E-005
   4.4000000000000021        8.4146179476998114E-005   8.4144665011907005E-005
   4.8000000000000007        1.9038625905403502E-004   1.9038288715166019E-004
   5.2000000000000028        4.2432044436941345E-004   4.2431308774738699E-004
   5.6000000000000014        9.2779369762252312E-004   9.2777804504837408E-004
   6.0000000000000000        1.9805203880960414E-003   1.9804881375417522E-003
   6.4000000000000021        4.1033300333652260E-003   4.1032661863222636E-003
   6.8000000000000007        8.1943134398553101E-003   8.1941932303379421E-003
   7.2000000000000028        1.5644923063476101E-002   1.5644710468237108E-002
   7.6000000000000014        2.8287506308736991E-002   2.8287158851049266E-002
   8.0000000000000000        4.7906450229989038E-002   4.7905936704015030E-002
   8.4000000000000021        7.5033323394845072E-002   7.5032658799714408E-002
   8.8000000000000007       0.10711319291516086       0.10711248009310051     
   9.2000000000000028       0.13706446701005248       0.13706391008428126     
   9.6000000000000014       0.15426587172225914       0.15426571270359132     
   10.000000000000000       0.14947013443837143       0.14947050824065369     
   10.400000000000002       0.12169146581138346       0.12169226821055411     
   10.800000000000001        8.1014848140491452E-002   8.1015765003683557E-002
   11.200000000000003        4.2779076447044415E-002   4.2779792744710256E-002
   11.600000000000001        1.7317710931360423E-002   1.7318108486178992E-002
   12.000000000000000        5.1751440129770817E-003   5.1752994588663099E-003
   12.400000000000002        1.0947681282252675E-003   1.0948098238180825E-003
   12.800000000000001        1.5652967711587401E-004   1.5653706244034331E-004
   13.200000000000003        1.4370343477151755E-005   1.4371170018752120E-005
   13.600000000000001        8.0033507987126558E-007   8.0039023134345600E-007
   14.000000000000000        2.3512255007881464E-008   2.3514388720524447E-008
  
  
  -14.000000000000000        2.3504625235566510E-008   2.3501888315627685E-008
  -13.600000000000000        8.0013815383304524E-007   8.0006725948306024E-007
  -13.199999999999999        1.4367391565103195E-005   1.4366329304705674E-005
  -12.800000000000001        1.5650330207234606E-004   1.5649380929523050E-004
  -12.400000000000000        1.0946192194705477E-003   1.0945656228434791E-003
  -12.000000000000000        5.1745888629487567E-003   5.1743890357004718E-003
  -11.600000000000000        1.7316291115390993E-002   1.7315780029263785E-002
  -11.199999999999999        4.2776518263960651E-002   4.2775597364924242E-002
  -10.800000000000001        8.1011573623347266E-002   8.1010394816436446E-002
  -10.400000000000000       0.12168860005891766       0.12168756835838773     
  -10.000000000000000       0.14946879936223775       0.14946831867680921     
  -9.5999999999999996       0.15426643958911132       0.15426664395984352     
  -9.1999999999999993       0.13706645600169248       0.13706717200139551     
  -8.8000000000000007       0.10711573871446617       0.10711665518819374     
  -8.3999999999999986        7.5035696973576219E-002   7.5036551466728482E-002
  -8.0000000000000000        4.7908284283033349E-002   4.7908944552541098E-002
  -7.5999999999999996        2.8288747255665377E-002   2.8289194008026146E-002
  -7.1999999999999993        1.5645682352034996E-002   1.5645955704006360E-002
  -6.7999999999999998        8.1947427718003230E-003   8.1948973368940071E-003
  -6.3999999999999995        4.1035580658874945E-003   4.1036401605938069E-003
  -6.0000000000000000        1.9806355724648591E-003   1.9806770406029395E-003
  -5.5999999999999996        9.2784960173435593E-004   9.2786972800722851E-004
  -5.1999999999999993        4.2434671896115518E-004   4.2435617826217420E-004
  -4.7999999999999989        1.9039830205187837E-004   1.9040263769986275E-004
  -4.3999999999999986        8.4151588478999554E-005   8.4153535822396346E-005
  -4.0000000000000000        3.6758359749047110E-005   3.6759221291987737E-005
  -3.5999999999999996        1.5910715658092414E-005   1.5911091998607460E-005
  -3.1999999999999993        6.8385749203238340E-006   6.8387379602399262E-006
  -2.7999999999999989        2.9231844293085258E-006   2.9232544602229721E-006
  -2.3999999999999986        1.2441340601648379E-006   1.2441640397176743E-006
  -2.0000000000000000        5.2765579281846632E-007   5.2766853001813553E-007
  -1.5999999999999996        2.2322551743331099E-007   2.2323093141560755E-007
  -1.1999999999999993        9.4488879887871891E-008   9.4491150300852018E-008
 -0.79999999999999893        4.0693800192244255E-008   4.0694738483537193E-008
 -0.39999999999999858        1.9422792784675964E-008   1.9423126063526950E-008
   0.0000000000000000        1.3820036529264322E-008   1.3820036541902188E-008
  0.40000000000000036        1.9421608192057975E-008   1.9421274978902561E-008
  0.80000000000000071        4.0690463591645831E-008   4.0689525397365728E-008
   1.2000000000000011        9.4480808900780142E-008   9.4478538760283234E-008
   1.6000000000000014        2.2320626689541270E-007   2.2320085347627883E-007
   2.0000000000000000        5.2761051055922232E-007   5.2759777481683708E-007
   2.4000000000000021        1.2440274671697770E-006   1.2439974907774992E-006
   2.8000000000000007        2.9229354520549490E-006   2.9228654289271203E-006
   3.1999999999999993        6.8379952422094186E-006   6.8378322195352224E-006
   3.6000000000000014        1.5909377651388941E-005   1.5909001351533688E-005
   4.0000000000000000        3.6755296620162612E-005   3.6754435167149156E-005
   4.4000000000000021        8.4144665012052424E-005   8.4142717871653379E-005
   4.8000000000000007        1.9038288715149997E-004   1.9037855194090826E-004
   5.2000000000000028        4.2431308774765517E-004   4.2430362938111619E-004
   5.6000000000000014        9.2777804504812287E-004   9.2775792067911343E-004
   6.0000000000000000        1.9804881375420826E-003   1.9804466731535059E-003
   6.4000000000000021        4.1032661863215740E-003   4.1031840985449137E-003
   6.8000000000000007        8.1941932303386689E-003   8.1940386772155795E-003
   7.2000000000000028        1.5644710468235977E-002   1.5644437134942756E-002
   7.6000000000000014        2.8287158851049914E-002   2.8286712124200086E-002
   8.0000000000000000        4.7905936704007758E-002   4.7905276462468713E-002
   8.4000000000000021        7.5032658799719390E-002   7.5031804325923546E-002
   8.8000000000000007       0.10711248009308710       0.10711156361290741     
   9.2000000000000028       0.13706391008427865       0.13706319403841116     
   9.6000000000000014       0.15426571270357151       0.15426550825091259     
   10.000000000000000       0.14947050824065275       0.14947098883961568     
   10.400000000000002       0.12169226821053529       0.12169329986276638     
   10.800000000000001        8.1015765003684265E-002   8.1016943821249146E-002
   11.200000000000003        4.2779792744702609E-002   4.2780713693122904E-002
   11.600000000000001        1.7318108486178346E-002   1.7318619622145648E-002
   12.000000000000000        5.1752994588652578E-003   5.1754993148271713E-003
   12.400000000000002        1.0948098238184279E-003   1.0948634308664404E-003
   12.800000000000001        1.5653706244009356E-004   1.5654655758924333E-004
   13.200000000000003        1.4371170018835294E-005   1.4372232612036248E-005
   13.600000000000001        8.0039023132073371E-007   8.0046115243751920E-007
   14.000000000000000        2.3514388724011380E-008   2.3517126989059576E-008
  
  
  -14.000000000000000        2.3501888319061993E-008   2.3498551647882309E-008
  -13.600000000000000        8.0006725946178140E-007   7.9998060886259392E-007
  -13.199999999999999        1.4366329304780551E-005   1.4365031340675107E-005
  -12.800000000000001        1.5649380929502407E-004   1.5648220883863345E-004
  -12.400000000000000        1.0945656228436302E-003   1.0945001244586296E-003
  -12.000000000000000        5.1743890356994197E-003   5.1741448241648304E-003
  -11.600000000000000        1.7315780029260305E-002   1.7315155407202881E-002
  -11.199999999999999        4.2775597364920599E-002   4.2774471859847368E-002
  -10.800000000000001        8.1010394816424816E-002   8.1008954068714667E-002
  -10.400000000000000       0.12168756835836896       0.12168630736812823     
  -10.000000000000000       0.14946831867679464       0.14946773112682016     
  -9.5999999999999996       0.15426664395981204       0.15426689369751587     
  -9.1999999999999993       0.13706717200139443       0.13706804708220222     
  -8.8000000000000007       0.10711665518817107       0.10711777531070463     
  -8.3999999999999986        7.5036551466724263E-002   7.5037595850119668E-002
  -8.0000000000000000        4.7908944552534680E-002   4.7909751555885428E-002
  -7.5999999999999996        2.8289194008027110E-002   2.8289740047070862E-002
  -7.1999999999999993        1.5645955704002512E-002   1.5646289806732626E-002
  -6.7999999999999998        8.1948973368953272E-003   8.1950862539107126E-003
  -6.3999999999999995        4.1036401605927721E-003   4.1037405007462438E-003
  -6.0000000000000000        1.9806770406033971E-003   1.9807277251858600E-003
  -5.5999999999999996        9.2786972800699193E-004   9.2789432735667526E-004
  -5.1999999999999993        4.2435617826241202E-004   4.2436773996179695E-004
  -4.7999999999999989        1.9040263769971733E-004   1.9040793694475954E-004
  -4.3999999999999986        8.4153535822545044E-005   8.4155915985573046E-005
  -4.0000000000000000        3.6759221291904395E-005   3.6760274308974664E-005
  -3.5999999999999996        1.5911091998689378E-005   1.5911551988116149E-005
  -3.1999999999999993        6.8387379601856771E-006   6.8389372332938964E-006
  -2.7999999999999989        2.9232544602723317E-006   2.9233400580258191E-006
  -2.3999999999999986        1.2441640396819608E-006   1.2442006810356657E-006
  -2.0000000000000000        5.2766853004873862E-007   5.2768409898688355E-007
  -1.5999999999999996        2.2323093139299460E-007   2.2323754814707380E-007
  -1.1999999999999993        9.4491150318272217E-008   9.4493925657505876E-008
 -0.79999999999999893        4.0694738471515181E-008   4.0695885124787847E-008
 -0.39999999999999858        1.9423126071864140E-008   1.9423533513862152E-008
   0.0000000000000000        1.3820036534938060E-008   1.3820036552587633E-008
  0.40000000000000036        1.9421274987151669E-008   1.9420867677358374E-008
  0.80000000000000071        4.0689525385165555E-008   4.0688378889509487E-008
   1.2000000000000011        9.4478538777441276E-008   9.4475763960471867E-008
   1.6000000000000014        2.2320085345324319E-007   2.2319423768801301E-007
   2.0000000000000000        5.2759777484682067E-007   5.2758220860468145E-007
   2.4000000000000021        1.2439974907406736E-006   1.2439608550798331E-006
   2.8000000000000007        2.9228654289754740E-006   2.9227798454527250E-006
   3.1999999999999993        6.8378322194798214E-006   6.8376329776463607E-006
   3.6000000000000014        1.5909001351614217E-005   1.5908541436234840E-005
   4.0000000000000000        3.6754435167060048E-005   3.6753382313396414E-005
   4.4000000000000021        8.4142717871796968E-005   8.4140338078093872E-005
   4.8000000000000007        1.9037855194074582E-004   1.9037325349083206E-004
   5.2000000000000028        4.2430362938135449E-004   4.2429206938148325E-004
   5.6000000000000014        9.2775792067888304E-004   9.2773332479080355E-004
   6.0000000000000000        1.9804466731537110E-003   1.9803959953892830E-003
   6.4000000000000021        4.1031840985439891E-003   4.1030837709893214E-003
   6.8000000000000007        8.1940386772162942E-003   8.1938497819677471E-003
   7.2000000000000028        1.5644437134940452E-002   1.5644103066165482E-002
   7.6000000000000014        2.8286712124201304E-002   2.8286166131540821E-002
   8.0000000000000000        4.7905276462456882E-002   4.7904469509933309E-002
   8.4000000000000021        7.5031804325923337E-002   7.5030759977697550E-002
   8.8000000000000007       0.10711156361289520       0.10711044347856177     
   9.2000000000000028       0.13706319403839817       0.13706231887357340     
   9.6000000000000014       0.15426550825088189       0.15426525836410118     
   10.000000000000000       0.14947098883961152       0.14947157623226581     
   10.400000000000002       0.12169329986273661       0.12169456076507618     
   10.800000000000001        8.1016943821245690E-002   8.1018384588280451E-002
   11.200000000000003        4.2780713693113141E-002   4.2781839287960574E-002
   11.600000000000001        1.7318619622143847E-002   1.7319244334816096E-002
   12.000000000000000        5.1754993148256838E-003   5.1757435785669565E-003
   12.400000000000002        1.0948634308667043E-003   1.0949289481989254E-003
   12.800000000000001        1.5654655758897800E-004   1.5655816235784917E-004
   13.200000000000003        1.4372232612119854E-005   1.4373531181333557E-005
   13.600000000000001        8.0046115241441140E-007   8.0054785165995391E-007
   14.000000000000000        2.3517126992525175E-008   2.3520466110164157E-008
  
  
  -14.000000000000000        2.3498551651379063E-008   2.3494620106020187E-008
  -13.600000000000000        7.9998060884159704E-007   7.9987820182687502E-007
  -13.199999999999999        1.4365031340753738E-005   1.4363497882193858E-005
  -12.800000000000001        1.5648220883846906E-004   1.5646850180521497E-004
  -12.400000000000000        1.0945001244590784E-003   1.0944227294631993E-003
  -12.000000000000000        5.1741448241649146E-003   5.1738562414273444E-003
  -11.600000000000000        1.7315155407203468E-002   1.7314417272450464E-002
  -11.199999999999999        4.2774471859852808E-002   4.2773141771729278E-002
  -10.800000000000001        8.1008954068723826E-002   8.1007251389996787E-002
  -10.400000000000000       0.12168630736812790       0.12168481707454123     
  -10.000000000000000       0.14946773112684386       0.14946703668502986     
  -9.5999999999999996       0.15426689369750965       0.15426718877306198     
  -9.1999999999999993       0.13706804708222475       0.13706908122619149     
  -8.8000000000000007       0.10711777531070543       0.10711909907492685     
  -8.3999999999999986        7.5037595850125108E-002   7.5038830125489703E-002
  -8.0000000000000000        4.7909751555888433E-002   4.7910705297498947E-002
  -7.5999999999999996        2.8289740047074696E-002   2.8290385377823128E-002
  -7.1999999999999993        1.5646289806732133E-002   1.5646684663766074E-002
  -6.7999999999999998        8.1950862539127735E-003   8.1953095253187169E-003
  -6.3999999999999995        4.1037405007458604E-003   4.1038590876606006E-003
  -6.0000000000000000        1.9807277251865313E-003   1.9807876269924019E-003
  -5.5999999999999996        9.2789432735657681E-004   9.2792340012850887E-004
  -5.1999999999999993        4.2436773996206041E-004   4.2438140425746961E-004
  -4.7999999999999989        1.9040793694464459E-004   1.9041419985951676E-004
  -4.3999999999999986        8.4155915985724590E-005   8.4158729013835752E-005
  -4.0000000000000000        3.6760274308895396E-005   3.6761518812547484E-005
  -3.5999999999999996        1.5911551988198738E-005   1.5912095636925892E-005
  -3.1999999999999993        6.8389372332401259E-006   6.8391727409464436E-006
  -2.7999999999999989        2.9233400580751728E-006   2.9234412252241221E-006
  -2.3999999999999986        1.2442006809999650E-006   1.2442439840206521E-006
  -2.0000000000000000        5.2768409901746388E-007   5.2770250040609873E-007
  -1.5999999999999996        2.2323754812447806E-007   2.2324536747330149E-007
  -1.1999999999999993        9.4493925674916995E-008   9.4497206159332941E-008
 -0.79999999999999893        4.0695885112772116E-008   4.0697240048678587E-008
 -0.39999999999999858        1.9423533522201479E-008   1.9424015183472694E-008
   0.0000000000000000        1.3820036545622739E-008   1.3820036570904316E-008
  0.40000000000000036        1.9420867685613600E-008   1.9420386251192579E-008
  0.80000000000000071        4.0688378877303610E-008   4.0687024187338323E-008
   1.2000000000000011        9.4475763977639623E-008   9.4472484372754566E-008
   1.6000000000000014        2.2319423766496916E-007   2.2318641991942521E-007
   2.0000000000000000        5.2758220863472041E-007   5.2756381171855515E-007
   2.4000000000000021        1.2439608550429755E-006   1.2439175613607316E-006
   2.8000000000000007        2.9227798455013586E-006   2.9226787018358785E-006
   3.1999999999999993        6.8376329775908674E-006   6.8373975213423806E-006
   3.6000000000000014        1.5908541436317460E-005   1.5907997909604412E-005
   4.0000000000000000        3.6753382313309617E-005   3.6752138078712651E-005
   4.4000000000000021        8.4140338078240754E-005   8.4137525658454940E-005
   4.8000000000000007        1.9037325349069353E-004   1.9036699188524823E-004
   5.2000000000000028        4.2429206938175858E-004   4.2427840788536355E-004
   5.6000000000000014        9.2773332479064916E-004   9.2770425771961703E-004
   6.0000000000000000        1.9803959953897830E-003   1.9803361048127462E-003
   6.4000000000000021        4.1030837709887715E-003   4.1029652048229989E-003
   6.8000000000000007        8.1938497819697854E-003   8.1936265464131290E-003
   7.2000000000000028        1.5644103066165128E-002   1.5643708265054852E-002
   7.6000000000000014        2.8286166131546435E-002   2.8285520877193306E-002
   8.0000000000000000        4.7904469509929645E-002   4.7903515852040349E-002
   8.4000000000000021        7.5030759977710110E-002   7.5029525760296589E-002
   8.8000000000000007       0.10711044347856466       0.10710911969495082     
   9.2000000000000028       0.13706231887359105       0.13706128459134004     
   9.6000000000000014       0.15426525836409452       0.15426496304309950     
   10.000000000000000       0.14947157623229634       0.14947227041513558     
   10.400000000000002       0.12169456076506871       0.12169605091396438     
   10.800000000000001        8.1018384588295425E-002   8.1020087298902449E-002
   11.200000000000003        4.2781839287960241E-002   4.2783169523954459E-002
   11.600000000000001        1.7319244334818105E-002   1.7319982618796977E-002
   12.000000000000000        5.1757435785668065E-003   5.1760322472761185E-003
   12.400000000000002        1.0949289481994912E-003   1.0950063743943922E-003
   12.800000000000001        1.5655816235761647E-004   1.5657187649160628E-004
   13.200000000000003        1.4373531181421828E-005   1.4375065636211984E-005
   13.600000000000001        8.0054785163673292E-007   8.0065033875180238E-007
   14.000000000000000        2.3520466113618086E-008   2.3524401682277629E-008
  
  
  -14.000000000000000        2.3494620109561105E-008   2.3490099282165424E-008
  -13.600000000000000        7.9987820180587876E-007   7.9976003905648497E-007
  -13.199999999999999        1.4363497882266349E-005   1.4361729173687773E-005
  -12.800000000000001        1.5646850180502358E-004   1.5645268950305758E-004
  -12.400000000000000        1.0944227294633054E-003   1.0943334439242178E-003
  -12.000000000000000        5.1738562414261812E-003   5.1735233029596723E-003
  -11.600000000000000        1.7314417272446953E-002   1.7313565652410483E-002
  -11.199999999999999        4.2773141771723928E-002   4.2771607127718700E-002
  -10.800000000000001        8.1007251389989141E-002   8.1005286791701298E-002
  -10.400000000000000       0.12168481707451156       0.12168309746141712     
  -10.000000000000000       0.14946703668502315       0.14946623531895481     
  -9.5999999999999996       0.15426718877302342       0.15426752915193190     
  -9.1999999999999993       0.13706908122618969       0.13707027441197775     
  -8.8000000000000007       0.10711909907490527       0.10712062647234689     
  -8.3999999999999986        7.5038830125483041E-002   7.5040254294791303E-002
  -8.0000000000000000        4.7910705297492209E-002   4.7911805782563807E-002
  -7.5999999999999996        2.8290385377823735E-002   2.8291130006187416E-002
  -7.1999999999999993        1.5646684663762418E-002   1.5647140279286639E-002
  -6.7999999999999998        8.1953095253199885E-003   8.1955671540255449E-003
  -6.3999999999999995        4.1038590876595069E-003   4.1039959228899893E-003
  -6.0000000000000000        1.9807876269928365E-003   1.9808567469393663E-003
  -5.5999999999999996        9.2792340012831567E-004   9.2795694673208679E-004
  -5.1999999999999993        4.2438140425767295E-004   4.2439717138138735E-004
  -4.7999999999999989        1.9041419985938503E-004   1.9042142653074798E-004
  -4.3999999999999986        8.4158729013981306E-005   8.4161974960406078E-005
  -4.0000000000000000        3.6761518812463858E-005   3.6762954817691110E-005
  -3.5999999999999996        1.5912095637007939E-005   1.5912722957121712E-005
  -3.1999999999999993        6.8391727408921437E-006   6.8394444849738754E-006
  -2.7999999999999989        2.9234412252734343E-006   2.9235579647632337E-006
  -2.3999999999999986        1.2442439839849058E-006   1.2442939485609141E-006
  -2.0000000000000000        5.2770250043669960E-007   5.2772373508757819E-007
  -1.5999999999999996        2.2324536745070072E-007   2.2325438920323727E-007
  -1.1999999999999993        9.4497206176757719E-008   9.4500992053918059E-008
 -0.79999999999999893        4.0697240036659329E-008   4.0698803167786499E-008
 -0.39999999999999858        1.9424015191818377E-008   1.9424571135671913E-008
   0.0000000000000000        1.3820036563937085E-008   1.3820036600260937E-008
  0.40000000000000036        1.9420386259449800E-008   1.9419830669653412E-008
  0.80000000000000071        4.0687024175131328E-008   4.0685461411895262E-008
   1.2000000000000011        9.4472484389921290E-008   9.4468699875287667E-008
   1.6000000000000014        2.2318641989636932E-007   2.2317740058631876E-007
   2.0000000000000000        5.2756381174858903E-007   5.2754258397900536E-007
   2.4000000000000021        1.2439175613237903E-006   1.2438676110511661E-006
   2.8000000000000007        2.9226787018843563E-006   2.9225619984415288E-006
   3.1999999999999993        6.8373975212865434E-006   6.8371258561206996E-006
   3.6000000000000014        1.5907997909685500E-005   1.5907370776756373E-005
   4.0000000000000000        3.6752138078623137E-005   3.6750702486112885E-005
   4.4000000000000021        8.4137525658595303E-005   8.4134280645303957E-005
   4.8000000000000007        1.9036699188508633E-004   1.9035976722237076E-004
   5.2000000000000028        4.2427840788559947E-004   4.2426264505526768E-004
   5.6000000000000014        9.2770425771936571E-004   9.2767071986061991E-004
   6.0000000000000000        1.9803361048129271E-003   1.9802670020903244E-003
   6.4000000000000021        4.1029652048219694E-003   4.1028284014186702E-003
   6.8000000000000007        8.1936265464140744E-003   8.1933689726982964E-003
   7.2000000000000028        1.5643708265052007E-002   1.5643252735308040E-002
   7.6000000000000014        2.8285520877194850E-002   2.8284776366012052E-002
   8.0000000000000000        4.7903515852028331E-002   4.7902415495366710E-002
   8.4000000000000021        7.5029525760293994E-002   7.5028101679857503E-002
   8.8000000000000007       0.10710911969493905       0.10710759226771929     
   9.2000000000000028       0.13706128459132572       0.13706009119337553     
   9.6000000000000014       0.15426496304306475       0.15426462228760740     
   10.000000000000000       0.14947227041513295       0.14947307138393409     
   10.400000000000002       0.12169605091393204       0.12169777030504877     
   10.800000000000001        8.1020087298898855E-002   8.1022051946081530E-002
   11.200000000000003        4.2783169523942781E-002   4.2784704394767392E-002
   11.600000000000001        1.7319982618795884E-002   1.7320834467716182E-002
   12.000000000000000        5.1760322472743613E-003   5.1763653176052724E-003
   12.400000000000002        1.0950063743947001E-003   1.0950957077831677E-003
   12.800000000000001        1.5657187649132249E-004   1.5658769968354233E-004
   13.200000000000003        1.4375065636297364E-005   1.4376835872443119E-005
   13.600000000000001        8.0065033872807921E-007   8.0076862435283287E-007
   14.000000000000000        2.3524401685688373E-008   2.3528928670574844E-008
  
  
  -14.000000000000000        2.3490099285773040E-008   2.3484995403697693E-008
  -13.600000000000000        7.9976003903568120E-007   7.9962612248363425E-007
  -13.199999999999999        1.4361729173762530E-005   1.4359725493508386E-005
  -12.800000000000001        1.5645268950287072E-004   1.5643477344860556E-004
  -12.400000000000000        1.0943334439244673E-003   1.0942322748256055E-003
  -12.000000000000000        5.1735233029587442E-003   5.1731460266402560E-003
  -11.600000000000000        1.7313565652409386E-002   1.7312600578686277E-002
  -11.199999999999999        4.2771607127715085E-002   4.2769867959236763E-002
  -10.800000000000001        8.1005286791699133E-002   8.1003060287044598E-002
  -10.400000000000000       0.12168309746140089       0.12168114851025894     
  -10.000000000000000       0.14946623531895090       0.14946532699119797     
  -9.5999999999999996       0.15426752915190833       0.15426791479447813     
  -9.1999999999999993       0.13707027441198502       0.13707162661495725     
  -8.8000000000000007       0.10712062647233193       0.10712235749329015     
  -8.3999999999999986        7.5040254294788111E-002   7.5041868360299135E-002
  -8.0000000000000000        4.7911805782560150E-002   4.7913053017130648E-002
  -7.5999999999999996        2.8291130006189168E-002   2.8291973938975284E-002
  -7.1999999999999993        1.5647140279284211E-002   1.5647656658145999E-002
  -6.7999999999999998        8.1955671540269101E-003   8.1958591433812285E-003
  -6.3999999999999995        4.1039959228892902E-003   4.1041510082359669E-003
  -6.0000000000000000        1.9808567469397844E-003   1.9809350860819485E-003
  -5.5999999999999996        9.2795694673196525E-004   9.2799496764270589E-004
  -5.1999999999999993        4.2439717138161004E-004   4.2441504160027019E-004
  -4.7999999999999989        1.9042142653062191E-004   1.9042961705945013E-004
  -4.3999999999999986        8.4161974960551619E-005   8.4165653886109217E-005
  -4.0000000000000000        3.6762954817611984E-005   3.6764582342115057E-005
  -3.5999999999999996        1.5912722957203136E-005   1.5913433962404289E-005
  -3.1999999999999993        6.8394444849200431E-006   6.8397524675849387E-006
  -2.7999999999999989        2.9235579648125450E-006   2.9236902799446633E-006
  -2.3999999999999986        1.2442939485252178E-006   1.2443505745893896E-006
  -2.0000000000000000        5.2772373511816031E-007   5.2774780392962514E-007
  -1.5999999999999996        2.2325438918064487E-007   2.2326461314046004E-007
  -1.1999999999999993        9.4500992071328649E-008   9.4505283612376160E-008
 -0.79999999999999893        4.0698803155768094E-008   4.0700574389609776E-008
 -0.39999999999999858        1.9424571144011426E-008   1.9425201439552867E-008
   0.0000000000000000        1.3820036593291573E-008   1.3820036645010021E-008
  0.40000000000000036        1.9419830677909723E-008   1.9419200900294109E-008
  0.80000000000000071        4.0685461399685309E-008   4.0683690695674290E-008
   1.2000000000000011        9.4468699892457674E-008   9.4464410340371398E-008
   1.6000000000000014        2.2317740056325860E-007   2.2316718014706813E-007
   2.0000000000000000        5.2754258400905110E-007   5.2751852521373182E-007
   2.4000000000000021        1.2438676110142041E-006   1.2438110057467797E-006
   2.8000000000000007        2.9225619984900939E-006   2.9224297357804834E-006
   3.1999999999999993        6.8371258560647073E-006   6.8368179881832953E-006
   3.6000000000000014        1.5907370776838247E-005   1.5906660043825297E-005
   4.0000000000000000        3.6750702486022741E-005   3.6749075561803603E-005
   4.4000000000000021        8.4134280645448319E-005   8.4130603076812253E-005
   4.8000000000000007        1.9035976722221333E-004   1.9035157961475179E-004
   5.2000000000000028        4.2426264505552013E-004   4.2424478108026898E-004
   5.6000000000000014        9.2767071986040979E-004   9.2763271166801712E-004
   6.0000000000000000        1.9802670020905642E-003   1.9801886879955433E-003
   6.4000000000000021        4.1028284014177777E-003   4.1026733623576866E-003
   6.8000000000000007        8.1933689726996755E-003   8.1930770633128966E-003
   7.2000000000000028        1.5643252735305979E-002   1.5642736481191979E-002
   7.6000000000000014        2.8284776366014872E-002   2.8283932603634265E-002
   8.0000000000000000        4.7902415495357099E-002   4.7901168447518377E-002
   8.4000000000000021        7.5028101679859016E-002   7.5026487743560952E-002
   8.8000000000000007       0.10710759226771457       0.10710586120342380     
   9.2000000000000028       0.13706009119337215       0.13705873868180474     
   9.6000000000000014       0.15426462228758075       0.15426423609735473     
   10.000000000000000       0.14947307138394045       0.14947397913393184     
   10.400000000000002       0.12169777030502731       0.12169971893334051     
   10.800000000000001        8.1022051946083168E-002   8.1024278521846210E-002
   11.200000000000003        4.2784704394759045E-002   4.2786443893091899E-002
   11.600000000000001        1.7320834467716695E-002   1.7321799874274763E-002
   12.000000000000000        5.1763653176037979E-003   5.1767427856727367E-003
   12.400000000000002        1.0950957077835897E-003   1.0951969464555473E-003
   12.800000000000001        1.5658769968327071E-004   1.5660563157212764E-004
   13.200000000000003        1.4376835872530062E-005   1.4378841773260800E-005
   13.600000000000001        8.0076862432897058E-007   8.0090271960301339E-007
   14.000000000000000        2.3528928673933604E-008   2.3534041484870442E-008
  
  
  -14.000000000000000        2.3484995407364316E-008   2.3479315245266108E-008
  -13.600000000000000        7.9962612246329487E-007   7.9947645573231913E-007
  -13.199999999999999        1.4359725493584348E-005   1.4357487152485738E-005
  -12.800000000000001        1.5643477344844491E-004   1.5641475536921803E-004
  -12.400000000000000        1.0942322748260613E-003   1.0941192300598535E-003
  -12.000000000000000        5.1731460266398813E-003   5.1727244327581801E-003
  -11.600000000000000        1.7312600578687623E-002   1.7311522087045401E-002
  -11.199999999999999        4.2769867959239871E-002   4.2767924301972529E-002
  -10.800000000000001        8.1003060287048553E-002   8.1000571890949336E-002
  -10.400000000000000       0.12168114851026424       0.12167897020021243     
  -10.000000000000000       0.14946532699120699       0.14946431165933871     
  -9.5999999999999996       0.15426791479447344       0.15426834565585085     
  -9.1999999999999993       0.13707162661497910       0.13707313780720071     
  -8.8000000000000007       0.10712235749328494       0.10712429212684860     
  -8.3999999999999986        7.5041868360304992E-002   7.5043672324570904E-002
  -8.0000000000000000        4.7913053017130863E-002   4.7914447008085802E-002
  -7.5999999999999996        2.8291973938979663E-002   2.8292917183892985E-002
  -7.1999999999999993        1.5647656658144792E-002   1.5648233805856518E-002
  -6.7999999999999998        8.1958591433834698E-003   8.1961854971758369E-003
  -6.3999999999999995        4.1041510082355358E-003   4.1043243457464691E-003
  -6.0000000000000000        1.9809350860825457E-003   1.9810226456123846E-003
  -5.5999999999999996        9.2799496764265504E-004   9.2803746340194273E-004
  -5.1999999999999993        4.2441504160051078E-004   4.2443501521456894E-004
  -4.7999999999999989        1.9042961705933900E-004   1.9043877156130635E-004
  -4.3999999999999986        8.4165653886257780E-005   8.4169765859140957E-005
  -4.0000000000000000        3.6764582342039691E-005   3.6766401406369386E-005
  -3.5999999999999996        1.5913433962486370E-005   1.5914228668002008E-005
  -3.1999999999999993        6.8397524675313156E-006   6.8400966914746797E-006
  -2.7999999999999989        2.9236902799940110E-006   2.9238381743893324E-006
  -2.3999999999999986        1.2443505745537931E-006   1.2444138621066275E-006
  -2.0000000000000000        5.2774780396015507E-007   5.2777470790253319E-007
  -1.5999999999999996        2.2326461311786763E-007   2.2327603909203490E-007
  -1.1999999999999993        9.4505283629774256E-008   9.4510081123956330E-008
 -0.79999999999999893        4.0700574377588903E-008   4.0702553619639558E-008
 -0.39999999999999858        1.9425201447889110E-008   1.9425906168539494E-008
   0.0000000000000000        1.3820036638038348E-008   1.3820036710586033E-008
  0.40000000000000036        1.9419200908551638E-008   1.9418496910123079E-008
  0.80000000000000071        4.0683690683461855E-008   4.0681712179927745E-008
   1.2000000000000011        9.4464410357547043E-008   9.4459615639279515E-008
   1.6000000000000014        2.2316718012399090E-007   2.2315575909447508E-007
   2.0000000000000000        5.2751852524382150E-007   5.2749163527066787E-007
   2.4000000000000021        1.2438110057098088E-006   1.2437477471868228E-006
   2.8000000000000007        2.9224297358290972E-006   2.9222819145416261E-006
   3.1999999999999993        6.8368179881276707E-006   6.8364739243854080E-006
   3.6000000000000014        1.5906660043907049E-005   1.5905865718037152E-005
   4.0000000000000000        3.6749075561716420E-005   3.6747257335058338E-005
   4.4000000000000021        8.4130603076959556E-005   8.4126492996925036E-005
   4.8000000000000007        1.9035157961459981E-004   1.9034242918885723E-004
   5.2000000000000028        4.2424478108055223E-004   4.2422481617639693E-004
   5.6000000000000014        9.2763271166783703E-004   9.2759023365387105E-004
   6.0000000000000000        1.9801886879960342E-003   1.9801011634096640E-003
   6.4000000000000021        4.1026733623568149E-003   4.1025000894256893E-003
   6.8000000000000007        8.1930770633152628E-003   8.1927508210894468E-003
   7.2000000000000028        1.5642736481190970E-002   1.5642159507529785E-002
   7.6000000000000014        2.8283932603639105E-002   2.8282989596471905E-002
   8.0000000000000000        4.7901168447514873E-002   4.7899774717098713E-002
   8.4000000000000021        7.5026487743569292E-002   7.5024683959587946E-002
   8.8000000000000007       0.10710586120342724       0.10710392650946191     
   9.2000000000000028       0.13705873868181859       0.13705722705910173     
   9.6000000000000014       0.15426423609734685       0.15426380447201599     
   10.000000000000000       0.14947397913395313       0.14947499365985670     
   10.400000000000002       0.12169971893333549       0.12170189679313476     
   10.800000000000001        8.1024278521856105E-002   8.1026767017238058E-002
   11.200000000000003        4.2786443893090581E-002   4.2788388010599185E-002
   11.600000000000001        1.7321799874277302E-002   1.7322878830247461E-002
   12.000000000000000        5.1767427856720004E-003   5.1771646470505483E-003
   12.400000000000002        1.0951969464561657E-003   1.0953100882667736E-003
   12.800000000000001        1.5660563157186618E-004   1.5662567173823188E-004
   13.200000000000003        1.4378841773351268E-005   1.4381083210677630E-005
   13.600000000000001        8.0090271957901621E-007   8.0105263570394036E-007
   14.000000000000000        2.3534041488163385E-008   2.3539734065134841E-008
  
  
  -14.000000000000000        2.3479315249016072E-008   2.3473066034788119E-008
  -13.600000000000000        7.9947645571181405E-007   7.9931104458085216E-007
  -13.199999999999999        1.4357487152557460E-005   1.4355014492424016E-005
  -12.800000000000001        1.5641475536900233E-004   1.5639263720541478E-004
  -12.400000000000000        1.0941192300599545E-003   1.0939943184187591E-003
  -12.000000000000000        5.1727244327561218E-003   5.1722585440113263E-003
  -11.600000000000000        1.7311522087041512E-002   1.7310330217378218E-002
  -11.199999999999999        4.2767924301962898E-002   4.2765776195818977E-002
  -10.800000000000001        8.1000571890930184E-002   8.0997821619918364E-002
  -10.400000000000000       0.12167897020018324       0.12167656250787937     
  -10.000000000000000       0.14946431165931118       0.14946318927569668     
  -9.5999999999999996       0.15426834565580258       0.15426882168579226     
  -9.1999999999999993       0.13707313780719318       0.13707480795726573     
  -8.8000000000000007       0.10712429212681543       0.10712643036074995     
  -8.3999999999999986        7.5043672324561259E-002   7.5045666190329915E-002
  -8.0000000000000000        4.7914447008075574E-002   4.7915987763110277E-002
  -7.5999999999999996        2.8292917183891399E-002   2.8293959749498412E-002
  -7.1999999999999993        1.5648233805852202E-002   1.5648871728581638E-002
  -6.7999999999999998        8.1961854971766279E-003   8.1965462196254765E-003
  -6.3999999999999995        4.1043243457453233E-003   4.1045159377151915E-003
  -6.0000000000000000        1.9810226456126925E-003   1.9811194268562794E-003
  -5.5999999999999996        9.2803746340175495E-004   9.2808443461787449E-004
  -5.1999999999999993        4.2443501521473797E-004   4.2445709255759011E-004
  -4.7999999999999989        1.9043877156117695E-004   1.9044889016692250E-004
  -4.3999999999999986        8.4169765859278881E-005   8.4174310954770516E-005
  -4.0000000000000000        3.6766401406288796E-005   3.6768412033972585E-005
  -3.5999999999999996        1.5914228668083015E-005   1.5915107090564721E-005
  -3.1999999999999993        6.8400966914202723E-006   6.8404771598827200E-006
  -2.7999999999999989        2.9238381744385476E-006   2.9240016519984549E-006
  -2.3999999999999986        1.2444138620708416E-006   1.2444838112036987E-006
  -2.0000000000000000        5.2777470793304977E-007   5.2780444803360507E-007
  -1.5999999999999996        2.2327603906940048E-007   2.2328866687777819E-007
  -1.1999999999999993        9.4510081141351793E-008   9.4515384890331643E-008
 -0.79999999999999893        4.0702553607606601E-008   4.0704740764621548E-008
 -0.39999999999999858        1.9425906176876237E-008   1.9426685398845767E-008
   0.0000000000000000        1.3820036703607913E-008   1.3820036803648417E-008
  0.40000000000000036        1.9418496918383838E-008   1.9417718666828115E-008
  0.80000000000000071        4.0681712167707899E-008   4.0679526011792444E-008
   1.2000000000000011        9.4459615656462492E-008   9.4454315647393076E-008
   1.6000000000000014        2.2315575907137252E-007   2.2314313794725507E-007
   2.0000000000000000        5.2749163530076570E-007   5.2746191403157924E-007
   2.4000000000000021        1.2437477471497181E-006   1.2436778372315085E-006
   2.8000000000000007        2.9222819145900967E-006   2.9221185356267006E-006
   3.1999999999999993        6.8364739243288474E-006   6.8360936721731085E-006
   3.6000000000000014        1.5905865718118619E-005   1.5904987807801422E-005
   4.0000000000000000        3.6747257334963613E-005   3.6745247838025128E-005
   4.4000000000000021        8.4126492997069763E-005   8.4121950455575887E-005
   4.8000000000000007        1.9034242918867337E-004   1.9033231608457147E-004
   5.2000000000000028        4.2422481617662667E-004   4.2420275058685725E-004
   5.6000000000000014        9.2759023365356834E-004   9.2754328638672571E-004
   6.0000000000000000        1.9801011634097928E-003   1.9800044293204148E-003
   6.4000000000000021        4.1025000894242105E-003   4.1023085846084405E-003
   6.8000000000000007        8.1927508210903558E-003   8.1923902491963900E-003
   7.2000000000000028        1.5642159507525906E-002   1.5641521819681224E-002
   7.6000000000000014        2.8282989596469982E-002   2.8281947351685308E-002
   8.0000000000000000        4.7899774717086951E-002   4.7898234313636670E-002
   8.4000000000000021        7.5024683959579341E-002   7.5022690337044715E-002
   8.8000000000000007       0.10710392650943891       0.10710178819392385     
   9.2000000000000028       0.13705722705908771       0.13705555632794200     
   9.6000000000000014       0.15426380447196364       0.15426332741092907     
   10.000000000000000       0.14947499365984068       0.14947611495571911     
   10.400000000000002       0.12170189679309608       0.12170430387779085     
   10.800000000000001        8.1026767017225873E-002   8.1029517422217812E-002
   11.200000000000003        4.2788388010584155E-002   4.2790536737836976E-002
   11.600000000000001        1.7322878830245029E-002   1.7324071326470181E-002
   12.000000000000000        5.1771646470482593E-003   5.1776308967456334E-003
   12.400000000000002        1.0953100882670089E-003   1.0954351308408699E-003
   12.800000000000001        1.5662567173791136E-004   1.5664781970193908E-004
   13.200000000000003        1.4381083210763756E-005   1.4383560046846224E-005
   13.600000000000001        8.0105263567937576E-007   8.0121838345269065E-007
   14.000000000000000        2.3539734068354906E-008   2.3545999973183477E-008
  
  
  -14.000000000000000        2.3473066038597461E-008   2.3466255354650622E-008
  -13.600000000000000        7.9931104456109014E-007   7.9912989744837226E-007
  -13.199999999999999        1.4355014492496950E-005   1.4352307884597377E-005
  -12.800000000000001        1.5639263720526879E-004   1.5636842111422470E-004
  -12.400000000000000        1.0939943184190420E-003   1.0938575495893967E-003
  -12.000000000000000        5.1722585440109707E-003   5.1717483855330121E-003
  -11.600000000000000        1.7310330217378187E-002   1.7309025013736573E-002
  -11.199999999999999        4.2765776195820192E-002   4.2763423685039763E-002
  -10.800000000000001        8.0997821619916574E-002   8.0994809492247244E-002
  -10.400000000000000       0.12167656250788017       0.12167392540774716     
  -10.000000000000000       0.14946318927570165       0.14946195978771848     
  -9.5999999999999996       0.15426882168577558       0.15426934282910792     
  -9.1999999999999993       0.13707480795728255       0.13707663703050416     
  -8.8000000000000007       0.10712643036074039       0.10712877218167072     
  -8.3999999999999986        7.5045666190334911E-002   7.5047849960641635E-002
  -8.0000000000000000        4.7915987763107008E-002   4.7917675290791203E-002
  -7.5999999999999996        2.8293959749501815E-002   2.8295101645260407E-002
  -7.1999999999999993        1.5648871728579934E-002   1.5649570433173946E-002
  -6.7999999999999998        8.1965462196274125E-003   8.1969413153860603E-003
  -6.3999999999999995        4.1045159377146589E-003   4.1047257866912139E-003
  -6.0000000000000000        1.9811194268568528E-003   1.9812254312748714E-003
  -5.5999999999999996        9.2808443461780878E-004   9.2813588196751103E-004
  -5.1999999999999993        4.2445709255780771E-004   4.2448127399558782E-004
  -4.7999999999999989        1.9044889016681896E-004   1.9045997302247946E-004
  -4.3999999999999986        8.4174310954914660E-005   8.4179289255197819E-005
  -4.0000000000000000        3.6768412033897376E-005   3.6770614251630939E-005
  -3.5999999999999996        1.5915107090645836E-005   1.5916069248076414E-005
  -3.1999999999999993        6.8404771598291451E-006   6.8408938766643231E-006
  -2.7999999999999989        2.9240016520475706E-006   2.9241807169156306E-006
  -2.3999999999999986        1.2444838111680142E-006   1.2445604220888958E-006
  -2.0000000000000000        5.2780444806408216E-007   5.2783702539162346E-007
  -1.5999999999999996        2.2328866685515431E-007   2.2330249634015218E-007
  -1.1999999999999993        9.4515384907719218E-008   9.4521195219733233E-008
 -0.79999999999999893        4.0704740752594573E-008   4.0707135735952512E-008
 -0.39999999999999858        1.9426685407181868E-008   1.9427539207868895E-008
   0.0000000000000000        1.3820036796676086E-008   1.3820036932270072E-008
  0.40000000000000036        1.9417718675085290E-008   1.9416866139968699E-008
  0.80000000000000071        4.0679525999583742E-008   4.0677132341459796E-008
   1.2000000000000011        9.4454315664565015E-008   9.4448510249328526E-008
   1.6000000000000014        2.2314313792416953E-007   2.2312931724152252E-007
   2.0000000000000000        5.2746191406166585E-007   5.2742936142610989E-007
   2.4000000000000021        1.2436778371945203E-006   1.2436012778408523E-006
   2.8000000000000007        2.9221185356752267E-006   2.9219396001871168E-006
   3.1999999999999993        6.8360936721168274E-006   6.8356772395347782E-006
   3.6000000000000014        1.5904987807883954E-005   1.5904026322805828E-005
   4.0000000000000000        3.6745247837934686E-005   3.6743047105657188E-005
   4.4000000000000021        8.4121950455722715E-005   8.4116975508944367E-005
   4.8000000000000007        1.9033231608441437E-004   1.9032124045516107E-004
   5.2000000000000028        4.2420275058711957E-004   4.2417858458314241E-004
   5.6000000000000014        9.2754328638654791E-004   9.2749187049206917E-004
   6.0000000000000000        1.9800044293207314E-003   1.9798984868271388E-003
   6.4000000000000021        4.1023085846076642E-003   4.1020988500962904E-003
   6.8000000000000007        8.1923902491982618E-003   8.1919953511572982E-003
   7.2000000000000028        1.5641521819680430E-002   1.5640823423572012E-002
   7.6000000000000014        2.8281947351685939E-002   2.8280805877247107E-002
   8.0000000000000000        4.7898234313636878E-002   4.7896547247699026E-002
   8.4000000000000021        7.5022690337045644E-002   7.5020506886140870E-002
   8.8000000000000007       0.10710178819392366       0.10709944626585238     
   9.2000000000000028       0.13705555632795544       0.13705372649156572     
   9.6000000000000014       0.15426332741090848       0.15426280491354150     
   10.000000000000000       0.14947611495573196       0.14947734301522564     
   10.400000000000002       0.12170430387778383       0.12170694018010070     
   10.800000000000001        8.1029517422221836E-002   8.1032529725915819E-002
   11.200000000000003        4.2790536737833416E-002   4.2792890064365693E-002
   11.600000000000001        1.7324071326471700E-002   1.7325377352906270E-002
   12.000000000000000        5.1776308967449829E-003   5.1781415292096056E-003
   12.400000000000002        1.0954351308413584E-003   1.0955720715808202E-003
   12.800000000000001        1.5664781970165588E-004   1.5667207492011041E-004
   13.200000000000003        1.4383560046936303E-005   1.4386272135543960E-005
   13.600000000000001        8.0121838342834682E-007   8.0139997276555650E-007
   14.000000000000000        2.3545999976299851E-008   2.3552832488574102E-008
  
  
  -14.000000000000000        2.3466255358546484E-008   2.3458891040630338E-008
  -13.600000000000000        7.9912989742882867E-007   7.9893302587541441E-007
  -13.199999999999999        1.4352307884669427E-005   1.4349367728177760E-005
  -12.800000000000001        1.5636842111407115E-004   1.5634210947102406E-004
  -12.400000000000000        1.0938575495896283E-003   1.0937089341436028E-003
  -12.000000000000000        5.1717483855323459E-003   5.1711939848802773E-003
  -11.600000000000000        1.7309025013735626E-002   1.7307606524268441E-002
  -11.199999999999999        4.2763423685038937E-002   4.2760866818158709E-002
  -10.800000000000001        8.0994809492241068E-002   8.0991535527788733E-002
  -10.400000000000000       0.12167392540774469       0.12167105887186627     
  -10.000000000000000       0.14946195978771201       0.14946062313755687     
  -9.5999999999999996       0.15426934282908847       0.15426990902530074     
  -9.1999999999999993       0.13707663703051462       0.13707862498873807     
  -8.8000000000000007       0.10712877218165645       0.10713131757497127     
  -8.3999999999999986        7.5047849960641511E-002   7.5050223638721908E-002
  -8.0000000000000000        4.7917675290787984E-002   4.7919509600543961E-002
  -7.5999999999999996        2.8295101645262909E-002   2.8296342881492954E-002
  -7.1999999999999993        1.5649570433171507E-002   1.5650329927147620E-002
  -6.7999999999999998        8.1969413153877811E-003   8.1973707895361837E-003
  -6.3999999999999995        4.1047257866906250E-003   4.1049538954740870E-003
  -6.0000000000000000        1.9812254312753263E-003   1.9813406604603043E-003
  -5.5999999999999996        9.2813588196745921E-004   9.2819180619641679E-004
  -5.1999999999999993        4.2448127399579512E-004   4.2450755992655962E-004
  -4.7999999999999989        1.9045997302237223E-004   1.9047202028985597E-004
  -4.3999999999999986        8.4179289255342329E-005   8.4184700849229812E-005
  -4.0000000000000000        3.6770614251555492E-005   3.6773008089333668E-005
  -3.5999999999999996        1.5916069248157824E-005   1.5917115159751510E-005
  -3.1999999999999993        6.8408938766109160E-006   6.8413468463428314E-006
  -2.7999999999999989        2.9241807169647026E-006   2.9243753734869332E-006
  -2.3999999999999986        1.2445604220533236E-006   1.2446436951105019E-006
  -2.0000000000000000        5.2783702542211686E-007   5.2787244107161699E-007
  -1.5999999999999996        2.2330249631754963E-007   2.2331752735349726E-007
  -1.1999999999999993        9.4521195237119021E-008   9.4527512421204789E-008
 -0.79999999999999893        4.0707135723929376E-008   4.0709738452939382E-008
 -0.39999999999999858        1.9427539216203448E-008   1.9428467672662388E-008
   0.0000000000000000        1.3820036925295732E-008   1.3820037106047609E-008
  0.40000000000000036        1.9416866148226271E-008   1.9415939302264029E-008
  0.80000000000000071        4.0677132329247732E-008   4.0674531319194405E-008
   1.2000000000000011        9.4448510266500888E-008   9.4442199344221815E-008
   1.6000000000000014        2.2312931721842671E-007   2.2311429752194431E-007
   2.0000000000000000        5.2742936145622223E-007   5.2739397744593340E-007
   2.4000000000000021        1.2436012778037552E-006   1.2435180710506065E-006
   2.8000000000000007        2.9219396002357339E-006   2.9217451096590699E-006
   3.1999999999999993        6.8356772394781295E-006   6.8352246349370586E-006
   3.6000000000000014        1.5904026322888123E-005   1.5902981274098484E-005
   4.0000000000000000        3.6743047105566250E-005   3.6740655175509796E-005
   4.4000000000000021        8.4116975509088973E-005   8.4111568219645484E-005
   4.8000000000000007        1.9032124045499624E-004   1.9030920246660031E-004
   5.2000000000000028        4.2417858458339552E-004   4.2415231846509751E-004
   5.6000000000000014        9.2749187049186155E-004   9.2743598665013431E-004
   6.0000000000000000        1.9798984868274337E-003   1.9797833371392034E-003
   6.4000000000000021        4.1020988500953650E-003   4.1018708882749775E-003
   6.8000000000000007        8.1919953511589375E-003   8.1915661308404747E-003
   7.2000000000000028        1.5640823423570354E-002   1.5640064325655047E-002
   7.6000000000000014        2.8280805877247329E-002   2.8279565181902236E-002
   8.0000000000000000        4.7896547247697374E-002   4.7894713530765479E-002
   8.4000000000000021        7.5020506886137761E-002   7.5018133618053456E-002
   8.8000000000000007       0.10709944626585186       0.10709690073497892     
   9.2000000000000028       0.13705372649156894       0.13705173755346217     
   9.6000000000000014       0.15426280491351363       0.15426223697897562     
   10.000000000000000       0.14947734301523702       0.14947867783146251     
   10.400000000000002       0.12170694018008547       0.12170980569189771     
   10.800000000000001        8.1032529725915486E-002   8.1035803916438234E-002
   11.200000000000003        4.2792890064359483E-002   4.2795447978601145E-002
   11.600000000000001        1.7325377352907730E-002   1.7326796898614490E-002
   12.000000000000000        5.1781415292083020E-003   5.1786965383103728E-003
   12.400000000000002        1.0955720715813148E-003   1.0957209076714589E-003
   12.800000000000001        1.5667207491980835E-004   1.5669843678292117E-004
   13.200000000000003        1.4386272135634600E-005   1.4389219323560013E-005
   13.600000000000001        8.0139997274068666E-007   8.0159741218661111E-007
   14.000000000000000        2.3552832491620704E-008   2.3560224707360304E-008
  
  
